512
256
768
128
384
896
640
64
192
448
320
960
832
576
704
32
96
224
160
480
416
288
352
992
928
800
864
544
608
736
672
16
48
112
80
240
208
144
176
496
464
400
432
272
304
368
336
1008
976
912
944
784
816
880
848
528
560
624
592
752
720
656
688
8
24
56
40
120
104
72
88
248
232
200
216
136
152
184
168
504
488
456
472
392
408
440
424
264
280
312
296
376
360
328
344
1016
1000
968
984
904
920
952
936
776
792
824
808
888
872
840
856
520
536
568
552
632
616
584
600
760
744
712
728
648
664
696
680
4
12
28
20
60
52
36
44
124
116
100
108
68
76
92
84
252
244
228
236
196
204
220
212
132
140
156
148
188
180
164
172
508
500
484
492
452
460
476
468
388
396
412
404
444
436
420
428
260
268
284
276
316
308
292
300
380
372
356
364
324
332
348
340
1020
1012
996
1004
964
972
988
980
900
908
924
916
956
948
932
940
772
780
796
788
828
820
804
812
892
884
868
876
836
844
860
852
516
524
540
532
572
564
548
556
636
628
612
620
580
588
604
596
764
756
740
748
708
716
732
724
644
652
668
660
700
692
676
684
2
6
14
10
30
26
18
22
62
58
50
54
34
38
46
42
126
122
114
118
98
102
110
106
66
70
78
74
94
90
82
86
254
250
242
246
226
230
238
234
194
198
206
202
222
218
210
214
130
134
142
138
158
154
146
150
190
186
178
182
162
166
174
170
510
506
498
502
482
486
494
490
450
454
462
458
478
474
466
470
386
390
398
394
414
410
402
406
446
442
434
438
418
422
430
426
258
262
270
266
286
282
274
278
318
314
306
310
290
294
302
298
382
378
370
374
354
358
366
362
322
326
334
330
350
346
338
342
1022
1018
1010
1014
994
998
1006
1002
962
966
974
970
990
986
978
982
898
902
910
906
926
922
914
918
958
954
946
950
930
934
942
938
770
774
782
778
798
794
786
790
830
826
818
822
802
806
814
810
894
890
882
886
866
870
878
874
834
838
846
842
862
858
850
854
514
518
526
522
542
538
530
534
574
570
562
566
546
550
558
554
638
634
626
630
610
614
622
618
578
582
590
586
606
602
594
598
766
762
754
758
738
742
750
746
706
710
718
714
734
730
722
726
642
646
654
650
670
666
658
662
702
698
690
694
674
678
686
682
1
3
7
5
15
13
9
11
31
29
25
27
17
19
23
21
63
61
57
59
49
51
55
53
33
35
39
37
47
45
41
43
127
125
121
123
113
115
119
117
97
99
103
101
111
109
105
107
65
67
71
69
79
77
73
75
95
93
89
91
81
83
87
85
255
253
249
251
241
243
247
245
225
227
231
229
239
237
233
235
193
195
199
197
207
205
201
203
223
221
217
219
209
211
215
213
129
131
135
133
143
141
137
139
159
157
153
155
145
147
151
149
191
189
185
187
177
179
183
181
161
163
167
165
175
173
169
171
511
509
505
507
497
499
503
501
481
483
487
485
495
493
489
491
449
451
455
453
463
461
457
459
479
477
473
475
465
467
471
469
385
387
391
389
399
397
393
395
415
413
409
411
401
403
407
405
447
445
441
443
433
435
439
437
417
419
423
421
431
429
425
427
257
259
263
261
271
269
265
267
287
285
281
283
273
275
279
277
319
317
313
315
305
307
311
309
289
291
295
293
303
301
297
299
383
381
377
379
369
371
375
373
353
355
359
357
367
365
361
363
321
323
327
325
335
333
329
331
351
349
345
347
337
339
343
341
1023
1021
1017
1019
1009
1011
1015
1013
993
995
999
997
1007
1005
1001
1003
961
963
967
965
975
973
969
971
991
989
985
987
977
979
983
981
897
899
903
901
911
909
905
907
927
925
921
923
913
915
919
917
959
957
953
955
945
947
951
949
929
931
935
933
943
941
937
939
769
771
775
773
783
781
777
779
799
797
793
795
785
787
791
789
831
829
825
827
817
819
823
821
801
803
807
805
815
813
809
811
895
893
889
891
881
883
887
885
865
867
871
869
879
877
873
875
833
835
839
837
847
845
841
843
863
861
857
859
849
851
855
853
513
515
519
517
527
525
521
523
543
541
537
539
529
531
535
533
575
573
569
571
561
563
567
565
545
547
551
549
559
557
553
555
639
637
633
635
625
627
631
629
609
611
615
613
623
621
617
619
577
579
583
581
591
589
585
587
607
605
601
603
593
595
599
597
767
765
761
763
753
755
759
757
737
739
743
741
751
749
745
747
705
707
711
709
719
717
713
715
735
733
729
731
721
723
727
725
641
643
647
645
655
653
649
651
671
669
665
667
657
659
663
661
703
701
697
699
689
691
695
693
673
675
679
677
687
685
681
683
1024
